1 0.487207 0.424937 0.045805 0.089569
1 0.859152 0.650507 0.051305 0.084681
1 0.928320 0.657840 0.059547 0.099347
1 0.835332 0.849201 0.042148 0.107486
1 0.622336 0.667611 0.032062 0.118889
1 0.626914 0.460764 0.041219 0.118889
1 0.680965 0.466465 0.041227 0.130292
1 0.430406 0.432264 0.043969 0.094472
1 0.418953 0.626889 0.028406 0.096083
1 0.279246 0.437965 0.043977 0.096097
1 0.024105 0.239271 0.041227 0.083069
0 0.458805 0.527542 0.109938 0.343639
0 0.655770 0.560924 0.106273 0.351792
0 0.893051 0.761257 0.163070 0.342014
