1 0.604469 0.657840 0.034812 0.112375
1 0.665852 0.461583 0.034813 0.094472
1 0.813344 0.825583 0.047641 0.118889
1 0.833500 0.635847 0.051297 0.091194
1 0.907250 0.652951 0.044891 0.089569
0 0.864645 0.753111 0.142914 0.325722
0 0.642945 0.558486 0.106266 0.337139
0 0.458805 0.527542 0.115437 0.307806
0 0.031977 0.350833 0.063953 0.306194
1 0.038762 0.265326 0.037555 0.102597
1 0.281996 0.432264 0.045805 0.094472
1 0.428113 0.437965 0.033898 0.099347
1 0.479418 0.432264 0.033898 0.084694
1 0.415289 0.623632 0.022906 0.089569
1 0.611340 0.464840 0.041227 0.100986
