0 0.820836 0.635979 0.033844 0.056681
0 0.978895 0.588507 0.030461 0.045736
0 0.764992 0.273701 0.301219 0.492181
0 0.464789 0.569257 0.027078 0.050542
0 0.507773 0.576958 0.027750 0.049333
0 0.572418 0.589653 0.028430 0.045611
0 0.640781 0.545069 0.025719 0.048139
0 0.705090 0.594528 0.028430 0.045722
0 0.758563 0.580688 0.027078 0.051736
0 0.870250 0.563174 0.025719 0.041042
1 0.670566 0.428396 0.100180 0.149097
1 0.986676 0.575812 0.010836 0.013347
1 0.969754 0.599819 0.006773 0.015639
1 0.968059 0.575146 0.007445 0.009625
1 0.863820 0.576417 0.008797 0.014556
1 0.880066 0.550479 0.007445 0.015653
1 0.864156 0.552347 0.008125 0.011917
1 0.814406 0.648562 0.008797 0.016847
1 0.829977 0.623347 0.006094 0.011917
1 0.815758 0.623944 0.008797 0.013111
1 0.751793 0.596813 0.008117 0.012042
1 0.765672 0.571000 0.006094 0.008306
1 0.750441 0.569729 0.008117 0.013236
1 0.694594 0.605958 0.010156 0.010833
1 0.711520 0.581833 0.007445 0.013361
1 0.695273 0.580021 0.006094 0.014319
1 0.632660 0.558424 0.008117 0.014431
1 0.648566 0.530688 0.006086 0.014319
1 0.633340 0.532493 0.005414 0.015764
1 0.565648 0.600479 0.008125 0.014319
1 0.581551 0.576417 0.007445 0.009500
1 0.565648 0.575812 0.006766 0.013347
1 0.851297 0.124493 0.092062 0.181708
1 0.669215 0.119674 0.096117 0.169681
1 0.513867 0.559562 0.006094 0.012153
1 0.497957 0.589653 0.006773 0.011917
1 0.498633 0.561438 0.008125 0.013236
1 0.473926 0.549937 0.007445 0.014569
1 0.459375 0.579424 0.006766 0.015514
1 0.459035 0.551201 0.007445 0.012042
1 0.409285 0.554208 0.006773 0.015639
