0 0.030605 0.346764 0.061211 0.324111
0 0.455141 0.529986 0.115438 0.312694
0 0.652566 0.564188 0.118180 0.335514
0 0.883887 0.762889 0.163070 0.335500
1 0.923738 0.654576 0.055883 0.096097
1 0.854570 0.647250 0.053141 0.100972
1 0.827543 0.844312 0.050383 0.130292
1 0.674551 0.464028 0.041227 0.102611
1 0.618672 0.455882 0.044891 0.096097
1 0.612258 0.664354 0.044891 0.125403
1 0.417121 0.632590 0.024742 0.107486
1 0.482625 0.427375 0.042141 0.084694
1 0.426281 0.432264 0.044891 0.084694
1 0.281535 0.442035 0.054055 0.091208
1 0.026852 0.249854 0.035734 0.084681
