1 0.781281 0.808486 0.034813 0.097722
0 0.571488 0.583736 0.128258 0.296417
0 0.462012 0.552785 0.083367 0.276875
0 0.277871 0.552785 0.105352 0.267097
0 0.068078 0.396431 0.076031 0.273611
1 0.052043 0.315819 0.031148 0.066778
1 0.041969 0.472174 0.025656 0.073292
1 0.306270 0.475424 0.035727 0.089569
1 0.257258 0.477868 0.038484 0.084681
1 0.240770 0.638292 0.038477 0.096083
1 0.441855 0.464840 0.041227 0.078181
1 0.429945 0.632590 0.032063 0.097708
1 0.593930 0.498229 0.044891 0.102597
1 0.532555 0.507188 0.044891 0.094458
1 0.548125 0.681451 0.044891 0.091208
0 0.826172 0.743340 0.124594 0.286653
1 0.859609 0.652132 0.044891 0.078181
1 0.799145 0.654576 0.037555 0.073292
