1 0.011824 0.246597 0.023648 0.100972
0 0.042055 0.352458 0.084109 0.371333
0 0.551332 0.555229 0.122758 0.363181
0 0.766164 0.603278 0.114516 0.394139
1 0.980430 0.698556 0.039141 0.102611
1 0.971832 0.919236 0.043977 0.136806
1 0.800520 0.483569 0.036648 0.118889
1 0.738223 0.486826 0.043977 0.112375
1 0.731809 0.714840 0.038477 0.125403
1 0.581102 0.438785 0.046734 0.110764
1 0.521098 0.450993 0.049539 0.109125
1 0.352078 0.458326 0.032063 0.100986
1 0.505066 0.665979 0.021070 0.109125
1 0.056625 0.240896 0.042141 0.089569
