1 0.648566 0.531889 0.007445 0.014556
1 0.672598 0.163660 0.089352 0.168347
1 0.846895 0.172083 0.087320 0.173167
1 0.669551 0.468167 0.095445 0.154028
1 0.966707 0.572799 0.008805 0.014319
1 0.983629 0.574063 0.007445 0.016847
1 0.966707 0.598076 0.008805 0.012153
1 0.863480 0.554146 0.010836 0.017931
1 0.878035 0.551806 0.006086 0.010833
1 0.813051 0.623944 0.011508 0.013111
1 0.827945 0.622806 0.008797 0.010833
1 0.812375 0.649819 0.008797 0.014333
1 0.750441 0.569854 0.008117 0.015653
1 0.751793 0.594528 0.006773 0.012028
1 0.764656 0.570993 0.006766 0.015764
1 0.694254 0.578222 0.009477 0.013111
0 0.975168 0.586639 0.028430 0.047056
0 0.872621 0.562576 0.030461 0.042236
0 0.821176 0.638993 0.027758 0.055236
0 0.758902 0.581285 0.029102 0.050542
1 0.711180 0.582431 0.008125 0.014556
1 0.694594 0.605833 0.008797 0.015639
1 0.633000 0.531889 0.010156 0.014556
1 0.632320 0.557160 0.010156 0.019375
1 0.565984 0.576417 0.010156 0.014556
1 0.580867 0.575875 0.010172 0.015639
1 0.565309 0.600424 0.010148 0.016847
1 0.499648 0.563840 0.010156 0.018042
1 0.514879 0.560771 0.006773 0.014569
1 0.497957 0.591514 0.009477 0.015639
1 0.457344 0.551743 0.010828 0.013125
1 0.474605 0.551076 0.011508 0.016847
1 0.460055 0.579424 0.008125 0.015514
1 0.410641 0.553007 0.008125 0.015653
1 0.336520 0.530688 0.010148 0.014319
1 0.336180 0.556014 0.008125 0.019250
0 0.702719 0.591514 0.031813 0.049333
0 0.639430 0.545188 0.025719 0.052958
0 0.572414 0.590910 0.025719 0.050542
0 0.507773 0.574667 0.027750 0.049333
0 0.466480 0.567389 0.026398 0.051861
0 0.766348 0.323771 0.295805 0.488569
