1 0.806930 0.660278 0.047641 0.084694
1 0.625539 0.492528 0.043969 0.091194
1 0.561867 0.499042 0.044891 0.091194
1 0.572863 0.675750 0.046727 0.102611
1 0.788152 0.823146 0.035727 0.091208
1 0.869688 0.657833 0.044891 0.079806
0 0.593473 0.589431 0.120930 0.294778
0 0.831211 0.744965 0.134672 0.289903
0 0.461094 0.544639 0.092531 0.273611
0 0.274664 0.552785 0.111766 0.289903
0 0.058461 0.392361 0.084281 0.278500
1 0.076781 0.303604 0.025656 0.078181
1 0.039223 0.306861 0.025648 0.071667
1 0.027312 0.464028 0.021984 0.089583
1 0.303520 0.464840 0.041227 0.068403
1 0.252676 0.468917 0.029320 0.079806
1 0.236645 0.638292 0.035727 0.086306
1 0.484914 0.456694 0.037563 0.084694
1 0.438648 0.469729 0.034812 0.078181
1 0.426738 0.632590 0.025648 0.084681
