0 0.872957 0.567444 0.029789 0.044528
0 0.821176 0.637847 0.029102 0.045722
0 0.758227 0.583694 0.025047 0.043333
0 0.702719 0.593861 0.025047 0.047056
0 0.639766 0.546326 0.031813 0.053069
0 0.574449 0.589653 0.028430 0.045611
0 0.770410 0.306264 0.318820 0.530806
0 0.506418 0.573403 0.026398 0.056444
0 0.466820 0.564924 0.036547 0.054153
0 0.974828 0.589653 0.029109 0.050667
1 0.473930 0.550479 0.010156 0.015653
1 0.828621 0.624549 0.008805 0.019125
1 0.814066 0.651021 0.009477 0.014319
1 0.750781 0.570993 0.008797 0.017931
1 0.766008 0.574007 0.010828 0.019375
1 0.750441 0.593264 0.008117 0.009500
1 0.696629 0.580569 0.011508 0.010833
1 0.710168 0.581833 0.007445 0.013361
1 0.696285 0.605236 0.005414 0.014444
1 0.631980 0.531347 0.009477 0.015639
1 0.647551 0.533035 0.008117 0.016847
1 0.634016 0.558424 0.008125 0.016847
1 0.564969 0.578160 0.012188 0.015653
1 0.566324 0.603493 0.008117 0.017931
1 0.581215 0.576417 0.006773 0.014556
1 0.499309 0.562576 0.009477 0.018181
1 0.410641 0.554750 0.008125 0.014556
1 0.458695 0.552340 0.008125 0.019375
1 0.458359 0.576417 0.010156 0.014556
1 0.499988 0.589646 0.008117 0.019375
1 0.514543 0.560715 0.008805 0.016847
1 0.859758 0.144403 0.094094 0.166194
1 0.813055 0.622743 0.008797 0.018181
1 0.967723 0.598076 0.010836 0.019125
1 0.968402 0.576417 0.009477 0.014556
1 0.984984 0.574667 0.008797 0.015639
1 0.864832 0.553611 0.009477 0.014444
1 0.879051 0.551146 0.008117 0.014319
1 0.865172 0.576410 0.008797 0.012153
1 0.678352 0.435021 0.099500 0.138264
1 0.677336 0.146146 0.093406 0.160042
