1 0.582020 0.444500 0.041227 0.112333
1 0.982711 0.698549 0.034578 0.086319
1 0.973664 0.917611 0.047641 0.136806
1 0.733184 0.712396 0.041227 0.123792
1 0.739598 0.481944 0.041227 0.118889
1 0.803266 0.482750 0.034813 0.110750
1 0.507816 0.664347 0.035727 0.118889
1 0.520645 0.454250 0.041227 0.105861
1 0.344289 0.464021 0.047641 0.109125
1 0.055711 0.245785 0.042141 0.102597
1 0.008160 0.245785 0.016320 0.112375
0 0.041598 0.352458 0.083195 0.371333
0 0.769375 0.604903 0.120938 0.397389
0 0.548586 0.556042 0.115438 0.381111
