1 0.617297 0.467285 0.042141 0.096097
1 0.820676 0.840243 0.045805 0.125403
1 0.913660 0.652139 0.044883 0.100972
1 0.844035 0.646437 0.050383 0.089569
1 0.612715 0.664354 0.043977 0.125403
1 0.479418 0.426563 0.041227 0.073292
1 0.279246 0.443667 0.043977 0.084694
1 0.031895 0.253111 0.038477 0.078167
0 0.033809 0.347576 0.067617 0.312708
0 0.456055 0.532431 0.102609 0.317583
0 0.643402 0.563368 0.105352 0.346903
0 0.869684 0.757187 0.152992 0.346903
1 0.668137 0.461583 0.035727 0.107500
1 0.417121 0.635847 0.024742 0.091194
1 0.428113 0.435521 0.033898 0.078181
