1 0.409285 0.554757 0.008117 0.012153
1 0.458699 0.552340 0.005414 0.014319
1 0.634355 0.532431 0.007445 0.010833
1 0.568355 0.599278 0.010836 0.019139
1 0.565984 0.577014 0.008797 0.013361
1 0.499988 0.588444 0.009477 0.019139
1 0.515555 0.561438 0.008125 0.013236
1 0.499312 0.562639 0.008125 0.010833
1 0.474266 0.549882 0.006766 0.016847
1 0.459375 0.577563 0.006766 0.016847
1 0.768715 0.568590 0.008117 0.015514
1 0.753148 0.569729 0.008125 0.013236
1 0.696289 0.606500 0.006766 0.011917
1 0.711859 0.580562 0.006766 0.013236
1 0.698316 0.579424 0.009477 0.015514
1 0.652289 0.456076 0.094766 0.144514
1 0.835051 0.157097 0.089352 0.164861
1 0.656352 0.158847 0.098828 0.165944
1 0.633676 0.558424 0.007445 0.014431
1 0.649910 0.531826 0.004711 0.012042
1 0.581891 0.575153 0.006766 0.012028
1 0.867207 0.580688 0.007445 0.015653
1 0.753145 0.593257 0.005414 0.012153
1 0.816098 0.624604 0.006773 0.016847
1 0.830316 0.625208 0.005414 0.015639
1 0.816777 0.649819 0.009477 0.014333
1 0.865512 0.554208 0.008117 0.015639
1 0.881082 0.552944 0.006773 0.013111
1 0.971105 0.575271 0.009477 0.014431
1 0.971785 0.598681 0.008117 0.020333
1 0.987691 0.574667 0.007445 0.015639
0 0.758223 0.314076 0.306633 0.490847
0 0.980246 0.589049 0.029102 0.046819
0 0.873973 0.566181 0.027758 0.047056
0 0.823543 0.638986 0.024367 0.050667
0 0.760934 0.581889 0.029102 0.049333
0 0.704070 0.592118 0.029109 0.048125
0 0.639766 0.547472 0.025047 0.045722
0 0.574785 0.589111 0.027758 0.044528
0 0.508449 0.571597 0.030461 0.052833
0 0.465129 0.566847 0.025039 0.045722
