1 0.662781 0.128757 0.094094 0.161125
0 0.640781 0.545187 0.025719 0.043319
0 0.572414 0.589715 0.025719 0.043319
0 0.507434 0.574069 0.028430 0.038500
0 0.465469 0.564917 0.029781 0.044528
1 0.566324 0.577014 0.006773 0.013361
1 0.581891 0.576410 0.006766 0.012153
1 0.474266 0.550604 0.008125 0.013236
1 0.459035 0.578160 0.007445 0.015653
1 0.409961 0.554153 0.006766 0.013361
1 0.566324 0.599819 0.006773 0.015639
1 0.634016 0.531951 0.006766 0.016847
1 0.845203 0.124604 0.094766 0.174486
1 0.664813 0.417028 0.085969 0.135972
1 0.514543 0.560174 0.008805 0.017931
1 0.499648 0.585979 0.008797 0.012042
1 0.499312 0.560167 0.008125 0.013361
1 0.458020 0.551743 0.006773 0.013125
0 0.758563 0.586583 0.027078 0.044528
0 0.764992 0.277375 0.307984 0.494472
0 0.977879 0.590917 0.028430 0.048139
0 0.872277 0.563722 0.028430 0.044528
0 0.823207 0.640250 0.029102 0.048139
0 0.704070 0.592660 0.027750 0.039597
1 0.649242 0.532431 0.006094 0.010833
1 0.634352 0.556618 0.008797 0.010819
1 0.696965 0.580569 0.005414 0.010833
1 0.695949 0.604632 0.007445 0.018042
1 0.710504 0.580569 0.009477 0.010833
1 0.751453 0.567451 0.008797 0.020458
1 0.766348 0.568590 0.008805 0.013125
1 0.751793 0.594528 0.006773 0.012028
1 0.814410 0.622201 0.007445 0.012042
1 0.814746 0.650417 0.006773 0.018167
1 0.830313 0.624611 0.006766 0.014444
1 0.865172 0.551743 0.008797 0.015514
1 0.880406 0.551201 0.008125 0.012042
1 0.865512 0.577014 0.009477 0.013361
1 0.969414 0.575812 0.010156 0.013347
1 0.969754 0.601083 0.008117 0.013111
1 0.987016 0.575750 0.010156 0.010833
