1 0.566660 0.601083 0.007445 0.015528
1 0.408949 0.552410 0.007445 0.016847
1 0.515559 0.561438 0.006773 0.013236
1 0.499652 0.588986 0.007445 0.015639
0 0.704410 0.594528 0.027070 0.055361
0 0.760254 0.586646 0.026398 0.056681
0 0.822867 0.640132 0.027078 0.052958
0 0.874652 0.564924 0.030461 0.054153
0 0.980926 0.587243 0.030461 0.057875
0 0.640105 0.545187 0.027070 0.055347
0 0.573770 0.590313 0.029789 0.049347
0 0.505742 0.578160 0.025047 0.058958
0 0.466820 0.564444 0.025719 0.048139
1 0.565648 0.575812 0.008125 0.013347
1 0.581891 0.576410 0.008125 0.012153
0 0.747055 0.293076 0.291062 0.492181
1 0.458020 0.551743 0.006773 0.013125
1 0.459375 0.577014 0.009484 0.013361
1 0.472914 0.548069 0.008125 0.010833
1 0.497621 0.560174 0.007445 0.015764
1 0.768039 0.569188 0.006766 0.014319
1 0.649922 0.152160 0.099500 0.148014
1 0.833023 0.145604 0.098828 0.161125
1 0.650934 0.451326 0.100180 0.163653
1 0.633676 0.531951 0.007445 0.016847
1 0.649582 0.531826 0.006773 0.009625
1 0.634016 0.557819 0.006766 0.015639
1 0.696629 0.581229 0.007445 0.014569
1 0.712199 0.580021 0.007445 0.014319
1 0.695949 0.608306 0.008805 0.013361
1 0.753824 0.566847 0.009477 0.012028
1 0.753824 0.593861 0.008117 0.013361
1 0.815762 0.623410 0.010148 0.016847
1 0.831328 0.622743 0.004734 0.013125
1 0.817113 0.649819 0.007445 0.014333
1 0.864832 0.549937 0.009477 0.014569
1 0.880402 0.551146 0.009477 0.014319
1 0.865848 0.580562 0.007445 0.020458
1 0.970090 0.572799 0.007445 0.014319
1 0.989043 0.575813 0.007445 0.008292
1 0.971109 0.599819 0.008125 0.015639
