1 0.833500 0.645618 0.043969 0.091208
1 0.899461 0.646437 0.060469 0.089569
1 0.603094 0.649694 0.037563 0.096083
1 0.606301 0.458326 0.043977 0.100986
1 0.660355 0.461583 0.038477 0.107500
1 0.482168 0.435521 0.035727 0.091208
1 0.425367 0.446924 0.033891 0.078181
0 0.861441 0.749042 0.156664 0.330611
0 0.629203 0.566632 0.097109 0.330625
1 0.418496 0.630146 0.029320 0.102597
0 0.450559 0.533243 0.098945 0.306181
0 0.032438 0.350833 0.064875 0.296417
1 0.047008 0.271028 0.041219 0.091194
1 0.287031 0.446924 0.061375 0.091208
1 0.813344 0.831285 0.040313 0.117264
