1 0.579734 0.433896 0.042141 0.104236
1 0.518352 0.448549 0.034812 0.094458
1 0.508277 0.664347 0.029320 0.118889
1 0.011734 0.239271 0.021984 0.102597
1 0.058000 0.236826 0.032063 0.107486
0 0.038848 0.349201 0.077695 0.364819
0 0.552250 0.556042 0.115437 0.368083
0 0.767539 0.596757 0.117266 0.390875
1 0.803727 0.479500 0.035734 0.114000
1 0.742348 0.484382 0.035727 0.114014
1 0.735016 0.709139 0.037563 0.120528
1 0.972289 0.906208 0.044891 0.136806
1 0.982711 0.692854 0.034578 0.107486
1 0.347051 0.453438 0.043945 0.094458
