1 0.857777 0.657021 0.041227 0.078181
0 0.455598 0.554417 0.076039 0.273611
0 0.284285 0.560118 0.110852 0.262208
0 0.074031 0.404576 0.082453 0.267097
1 0.056625 0.315819 0.029312 0.079806
1 0.046547 0.472979 0.021984 0.091208
1 0.248094 0.631778 0.034813 0.073278
1 0.258176 0.482750 0.036648 0.061889
1 0.312684 0.477049 0.035727 0.073292
1 0.442316 0.471354 0.038477 0.084681
1 0.434527 0.636660 0.022898 0.086319
1 0.538965 0.684708 0.050383 0.091194
1 0.522934 0.522653 0.043977 0.083056
1 0.583855 0.500667 0.037555 0.084694
1 0.778074 0.814187 0.028398 0.096097
1 0.797312 0.650507 0.046719 0.081431
0 0.557746 0.585354 0.128258 0.289903
0 0.817008 0.742528 0.119094 0.281750
