1 0.736391 0.712396 0.034813 0.123792
1 0.975039 0.911910 0.044891 0.112375
1 0.520184 0.447736 0.043977 0.096083
1 0.582484 0.439597 0.047641 0.102611
1 0.346578 0.459139 0.050391 0.105861
1 0.011734 0.245785 0.021984 0.112375
1 0.059832 0.237639 0.035727 0.096083
0 0.041051 0.350833 0.080617 0.381111
0 0.547211 0.556854 0.131000 0.369708
0 0.771660 0.610604 0.118180 0.385986
1 0.508734 0.670049 0.028406 0.107486
1 0.982711 0.692854 0.034578 0.094458
1 0.805098 0.481944 0.038477 0.118889
1 0.740973 0.481944 0.038477 0.118889
