1 0.290699 0.446924 0.041227 0.078181
0 0.856859 0.743340 0.142000 0.319208
0 0.632871 0.560931 0.115430 0.319222
0 0.457430 0.533243 0.112688 0.306181
0 0.038848 0.358167 0.077695 0.301306
1 0.013199 0.271028 0.026398 0.091194
1 0.049754 0.264514 0.035727 0.078167
1 0.425367 0.443667 0.033891 0.097722
1 0.478043 0.435521 0.043977 0.078181
1 0.419414 0.626076 0.021984 0.097708
1 0.597137 0.657840 0.038477 0.112375
1 0.603094 0.467285 0.037563 0.096097
1 0.651648 0.469722 0.032062 0.100972
1 0.805098 0.816632 0.043977 0.114014
1 0.821590 0.643993 0.051305 0.091208
1 0.892129 0.648875 0.051305 0.094472
