0 0.583859 0.598396 0.121844 0.289903
0 0.462012 0.541382 0.083367 0.280125
0 0.278328 0.557674 0.098937 0.267097
0 0.061668 0.389104 0.083367 0.271986
0 0.826172 0.740903 0.124594 0.278500
1 0.803727 0.651319 0.054047 0.079806
1 0.783113 0.815000 0.031148 0.097722
1 0.611340 0.499042 0.041227 0.078167
1 0.547211 0.504736 0.041219 0.079806
1 0.560035 0.678194 0.054055 0.097722
1 0.482625 0.459139 0.034812 0.079806
1 0.436816 0.470542 0.031148 0.089583
1 0.431777 0.635035 0.021070 0.102597
1 0.304895 0.472986 0.038477 0.084694
1 0.250387 0.469729 0.037555 0.078181
1 0.243059 0.632590 0.028398 0.084681
1 0.036016 0.472979 0.024734 0.094458
1 0.043344 0.303604 0.022906 0.078181
1 0.868313 0.655389 0.047641 0.084694
