1 0.976430 0.920840 0.036609 0.120569
1 0.733184 0.709951 0.033898 0.109125
1 0.741430 0.481938 0.037563 0.109125
1 0.808305 0.484382 0.037563 0.114014
1 0.510109 0.664354 0.025656 0.109125
1 0.520184 0.446924 0.038477 0.107486
1 0.581109 0.437153 0.037563 0.110750
1 0.345203 0.453438 0.047641 0.094458
1 0.061207 0.231125 0.038477 0.096083
1 0.011363 0.236826 0.022727 0.107486
0 0.043430 0.342688 0.086859 0.364819
0 0.555914 0.562556 0.141078 0.381111
0 0.771203 0.596757 0.111766 0.403903
1 0.982711 0.689597 0.034578 0.100972
