0 0.765250 0.595944 0.112688 0.405528
1 0.508734 0.667611 0.028406 0.102611
1 0.580652 0.436340 0.051305 0.109125
1 0.518809 0.447736 0.041227 0.118889
1 0.346578 0.459139 0.037563 0.105861
1 0.059832 0.233569 0.041227 0.100972
1 0.009992 0.236826 0.019984 0.094458
0 0.041051 0.351646 0.080617 0.369708
0 0.550875 0.552785 0.125516 0.364819
1 0.735934 0.709951 0.041227 0.118903
1 0.741430 0.484389 0.044891 0.123778
1 0.804641 0.481938 0.044891 0.109125
1 0.974922 0.909465 0.050156 0.117264
1 0.982617 0.685035 0.034766 0.100986
