1 0.013570 0.240083 0.025656 0.114000
1 0.344746 0.456694 0.041227 0.100972
1 0.582023 0.444479 0.041219 0.102597
1 0.508273 0.667611 0.021984 0.102611
1 0.805559 0.481944 0.032070 0.118889
1 0.741430 0.486007 0.037563 0.104236
1 0.733641 0.712396 0.034813 0.114014
1 0.984543 0.693667 0.030914 0.096083
1 0.972293 0.912722 0.050383 0.123778
1 0.522934 0.450181 0.043977 0.100972
0 0.765250 0.602458 0.112688 0.392500
0 0.549043 0.556854 0.121852 0.369708
0 0.041969 0.348389 0.082453 0.363194
1 0.056625 0.240083 0.042141 0.100972
