0 0.869910 0.564917 0.026398 0.044528
0 0.760254 0.327319 0.290383 0.479056
0 0.468516 0.563840 0.029109 0.049347
0 0.509129 0.576417 0.030461 0.052833
0 0.572754 0.587847 0.033164 0.047056
0 0.640445 0.542715 0.029109 0.045847
0 0.702043 0.593326 0.023695 0.043319
0 0.757211 0.580569 0.023016 0.044528
0 0.818465 0.638986 0.030461 0.050667
0 0.974492 0.587903 0.031141 0.044528
1 0.336520 0.556556 0.008805 0.018167
1 0.336590 0.531590 0.007445 0.016847
1 0.409621 0.552340 0.007445 0.014319
1 0.459375 0.551743 0.008125 0.015514
1 0.473254 0.550604 0.007445 0.013236
1 0.459035 0.575875 0.008805 0.015639
1 0.498633 0.560771 0.006766 0.014569
1 0.514539 0.561312 0.006094 0.015653
1 0.498973 0.590854 0.008805 0.014319
1 0.565309 0.573403 0.007445 0.015528
1 0.580539 0.575812 0.005422 0.013347
1 0.565648 0.600479 0.006766 0.014319
1 0.631984 0.531889 0.008125 0.014556
1 0.632324 0.555354 0.007445 0.017931
1 0.646875 0.531347 0.008125 0.015639
1 0.668875 0.181049 0.092734 0.162458
1 0.844527 0.184653 0.093414 0.157639
1 0.669551 0.472264 0.100852 0.152833
1 0.694258 0.580021 0.008125 0.014319
1 0.710504 0.578819 0.005414 0.011917
1 0.693578 0.604694 0.008125 0.013361
1 0.750437 0.569188 0.006766 0.014319
1 0.763641 0.570451 0.008797 0.016847
1 0.751117 0.594403 0.008125 0.014444
1 0.812035 0.623410 0.009477 0.016847
1 0.827270 0.622076 0.008805 0.016847
1 0.812035 0.651021 0.009477 0.019375
1 0.863141 0.552410 0.010156 0.016847
1 0.877020 0.552340 0.006773 0.014319
1 0.862465 0.575813 0.007445 0.017931
1 0.966027 0.575875 0.011508 0.015639
1 0.984984 0.574007 0.008797 0.011903
1 0.965355 0.601083 0.008805 0.015528
