1 0.011363 0.234382 0.022727 0.112375
1 0.350242 0.450993 0.057719 0.089569
1 0.579277 0.433083 0.041227 0.102611
1 0.520184 0.446924 0.038477 0.107486
1 0.975500 0.909465 0.043969 0.130292
1 0.509191 0.664354 0.029320 0.109125
1 0.731809 0.709951 0.038477 0.131931
1 0.801895 0.476243 0.039398 0.107486
1 0.741430 0.478681 0.044891 0.115639
1 0.984543 0.689597 0.030914 0.100972
0 0.767082 0.593500 0.109023 0.397389
0 0.548582 0.548715 0.128258 0.376208
0 0.044805 0.341875 0.089609 0.376222
1 0.061641 0.231944 0.039375 0.088056
