1 0.766684 0.569257 0.012180 0.016847
1 0.967043 0.599938 0.009477 0.013236
1 0.983293 0.574611 0.006773 0.013111
1 0.967047 0.574007 0.008125 0.014319
1 0.863145 0.578826 0.008805 0.014319
1 0.879730 0.551146 0.009477 0.014319
1 0.863820 0.553611 0.010156 0.014444
1 0.812715 0.647417 0.009477 0.014556
1 0.828621 0.622743 0.008805 0.015514
1 0.813730 0.620938 0.010148 0.014569
0 0.819484 0.639049 0.027078 0.043319
1 0.334828 0.558368 0.006766 0.019375
1 0.410977 0.554750 0.008797 0.016722
1 0.459035 0.552889 0.008805 0.010833
1 0.474270 0.551076 0.009477 0.016847
1 0.460055 0.577563 0.008125 0.016847
1 0.499652 0.591514 0.007445 0.015639
1 0.498633 0.561910 0.010828 0.016847
1 0.514203 0.561979 0.008125 0.014319
1 0.564969 0.575875 0.006766 0.015639
1 0.582230 0.575812 0.007445 0.013347
1 0.564973 0.601083 0.009477 0.015528
1 0.647551 0.532493 0.009477 0.015764
1 0.632996 0.530688 0.007445 0.014319
1 0.632996 0.557160 0.007445 0.016958
1 0.675645 0.156438 0.090023 0.156569
1 0.856035 0.158243 0.102883 0.157514
1 0.671922 0.460951 0.098828 0.180514
1 0.695949 0.580562 0.010148 0.020458
1 0.710844 0.579424 0.010156 0.015514
1 0.695273 0.606500 0.008797 0.016972
1 0.750102 0.570451 0.008797 0.016847
1 0.749086 0.596931 0.009469 0.014444
0 0.758902 0.581826 0.026398 0.044653
0 0.701703 0.593924 0.027078 0.044514
0 0.639426 0.544528 0.028430 0.047056
0 0.573090 0.589653 0.028430 0.045611
0 0.506422 0.574007 0.027750 0.057653
0 0.467500 0.567993 0.029781 0.053069
0 0.766348 0.312937 0.297164 0.486153
0 0.975844 0.585979 0.031141 0.045736
0 0.871941 0.565583 0.027758 0.052833
