1 0.650734 0.472181 0.032063 0.086306
0 0.847242 0.734382 0.141078 0.311069
0 0.619582 0.560931 0.096195 0.319222
0 0.454223 0.533236 0.098945 0.296417
0 0.037844 0.361424 0.074203 0.294792
1 0.011824 0.276729 0.023648 0.089569
1 0.056168 0.273465 0.035727 0.073292
1 0.293902 0.450181 0.047633 0.071667
1 0.476668 0.435521 0.033898 0.078181
1 0.430402 0.443667 0.031148 0.084694
1 0.419414 0.623632 0.021984 0.089569
1 0.594395 0.468097 0.038477 0.097722
1 0.597598 0.649694 0.044883 0.105861
1 0.800977 0.815000 0.035734 0.107500
1 0.883887 0.649694 0.053133 0.096083
1 0.818383 0.639104 0.050391 0.084681
