1 0.018148 0.279167 0.027484 0.084694
1 0.013199 0.455882 0.026398 0.096097
0 0.043430 0.367125 0.086859 0.296417
0 0.459262 0.538125 0.096195 0.296417
0 0.619582 0.570701 0.096195 0.312708
0 0.845410 0.744160 0.137414 0.307819
1 0.882055 0.643993 0.043969 0.084681
1 0.815176 0.635847 0.051305 0.078167
1 0.795023 0.823146 0.029313 0.100986
1 0.646609 0.472979 0.034813 0.094458
1 0.593473 0.472167 0.045805 0.096083
1 0.593473 0.655396 0.045805 0.094458
1 0.422160 0.626076 0.021992 0.097708
1 0.484457 0.440410 0.038477 0.078181
1 0.434527 0.446924 0.028398 0.078181
1 0.293906 0.446924 0.034813 0.065153
1 0.061664 0.279986 0.032063 0.073278
