1 0.792734 0.815000 0.037563 0.097722
1 0.877473 0.647250 0.047633 0.078167
1 0.811512 0.643993 0.043977 0.084681
1 0.583859 0.477868 0.044891 0.084681
1 0.298480 0.459139 0.038477 0.079806
1 0.018148 0.459139 0.027484 0.089583
1 0.026395 0.285687 0.031148 0.078181
1 0.433609 0.455875 0.032062 0.079806
1 0.589355 0.660278 0.041227 0.094472
1 0.642938 0.477868 0.036656 0.094458
1 0.426738 0.629333 0.031148 0.091194
1 0.482625 0.447736 0.034812 0.079806
0 0.844035 0.740083 0.147492 0.299667
1 0.069453 0.289757 0.027484 0.076542
0 0.049289 0.376896 0.095297 0.289903
0 0.271457 0.549528 0.105352 0.296417
0 0.464301 0.535681 0.098945 0.291528
0 0.614543 0.573958 0.106273 0.319222
