0 0.748746 0.291875 0.287680 0.487361
0 0.705086 0.591993 0.025719 0.043319
0 0.506422 0.574549 0.027750 0.054153
1 0.459375 0.578757 0.006766 0.016847
0 0.466145 0.566187 0.029789 0.051625
1 0.409285 0.555306 0.008117 0.015611
0 0.872281 0.564319 0.025719 0.045722
0 0.823207 0.637847 0.026398 0.045722
0 0.980246 0.587785 0.031820 0.049347
0 0.575125 0.587785 0.033844 0.049347
0 0.640441 0.545187 0.026398 0.043319
0 0.757887 0.583097 0.025727 0.044528
1 0.971105 0.600542 0.009477 0.012028
1 0.988707 0.574611 0.008117 0.013111
1 0.865176 0.551146 0.007445 0.014319
1 0.881082 0.549937 0.006773 0.014569
1 0.865512 0.577076 0.008117 0.010819
1 0.815422 0.623347 0.008125 0.011917
1 0.831328 0.622146 0.006094 0.014319
1 0.816098 0.651076 0.006773 0.016847
1 0.751793 0.570396 0.006773 0.014569
1 0.753148 0.595674 0.006766 0.014319
1 0.768375 0.569729 0.006094 0.013236
1 0.653984 0.434958 0.100859 0.157639
1 0.659066 0.143264 0.092039 0.168472
1 0.833027 0.131826 0.088008 0.169681
1 0.711520 0.579424 0.006086 0.015514
1 0.696289 0.581229 0.008125 0.014569
1 0.695609 0.605833 0.006766 0.015639
1 0.633676 0.531889 0.008805 0.014556
1 0.634691 0.558424 0.006773 0.014431
1 0.648906 0.533090 0.008125 0.014569
1 0.566660 0.577076 0.007445 0.010819
1 0.582570 0.574611 0.006766 0.013111
1 0.566664 0.601083 0.010156 0.018167
1 0.514543 0.559632 0.008805 0.016847
1 0.498973 0.562035 0.011508 0.012042
1 0.499988 0.590250 0.006773 0.015528
1 0.459039 0.551806 0.006094 0.010833
1 0.969074 0.574063 0.009477 0.016847
1 0.474605 0.551806 0.007445 0.010833
