0 0.756531 0.583028 0.027078 0.047056
0 0.973812 0.588507 0.033844 0.052958
0 0.703395 0.593257 0.030461 0.045847
0 0.508113 0.573403 0.028430 0.056444
0 0.466484 0.567993 0.031813 0.055236
0 0.639430 0.545792 0.025719 0.044528
0 0.572078 0.588389 0.030453 0.048139
0 0.754840 0.340014 0.286320 0.463306
0 0.819824 0.637181 0.026398 0.047056
0 0.871266 0.563118 0.025047 0.043319
1 0.514879 0.559632 0.006773 0.016847
1 0.498633 0.560715 0.008125 0.016847
1 0.498633 0.588382 0.008125 0.016847
1 0.964000 0.574549 0.007453 0.010819
1 0.877695 0.553007 0.008125 0.015653
1 0.862469 0.575875 0.010156 0.015639
1 0.862129 0.553007 0.006773 0.015653
1 0.826930 0.623340 0.006766 0.014319
1 0.812715 0.649819 0.006773 0.009750
1 0.811699 0.623889 0.007445 0.010833
1 0.749426 0.595069 0.007445 0.013111
1 0.764652 0.571660 0.009477 0.012042
1 0.750441 0.570396 0.008117 0.014569
1 0.695613 0.605896 0.009477 0.013125
1 0.709488 0.580562 0.006086 0.013236
1 0.695273 0.581229 0.006094 0.014569
1 0.665828 0.481951 0.088000 0.133458
1 0.839113 0.200903 0.086648 0.158833
1 0.667180 0.197951 0.086641 0.150542
1 0.646875 0.531222 0.005406 0.010833
1 0.632320 0.532431 0.004734 0.010833
1 0.631645 0.556556 0.006086 0.013111
1 0.580199 0.575812 0.007445 0.013347
1 0.565309 0.599819 0.006086 0.015639
1 0.565648 0.575271 0.006766 0.016847
1 0.981262 0.573403 0.009477 0.013111
1 0.965691 0.599278 0.009477 0.014556
1 0.336180 0.531347 0.008125 0.015639
1 0.336520 0.556618 0.007445 0.022875
1 0.410301 0.555292 0.008805 0.015639
1 0.459375 0.552340 0.008125 0.014319
1 0.473930 0.550479 0.006094 0.015653
1 0.459715 0.577556 0.007445 0.014444
