1 0.967383 0.575812 0.008797 0.013347
1 0.968402 0.599819 0.009477 0.018056
1 0.879051 0.551806 0.010836 0.018056
1 0.864836 0.575875 0.010828 0.015639
1 0.984980 0.575271 0.007445 0.014431
0 0.821512 0.636583 0.028430 0.048250
0 0.872281 0.566847 0.029781 0.052944
0 0.977199 0.589049 0.028430 0.046819
0 0.770070 0.298972 0.310016 0.528278
0 0.507434 0.575271 0.031133 0.050542
0 0.467836 0.566847 0.027750 0.045722
0 0.572414 0.586583 0.027078 0.044528
0 0.640105 0.546333 0.027070 0.050667
0 0.704410 0.590910 0.025727 0.050542
0 0.757547 0.583097 0.030453 0.044528
1 0.409961 0.554090 0.006766 0.010819
1 0.863820 0.551743 0.008797 0.018181
1 0.814746 0.648021 0.012180 0.017931
1 0.830313 0.626354 0.008125 0.020347
1 0.814406 0.624007 0.010156 0.018042
1 0.751793 0.598132 0.008117 0.016847
1 0.767363 0.571000 0.008117 0.013361
1 0.751457 0.571660 0.007445 0.012042
1 0.697305 0.578826 0.008797 0.014319
1 0.711180 0.580562 0.008125 0.013236
1 0.458359 0.551146 0.008797 0.014319
1 0.474266 0.550604 0.006766 0.013236
1 0.459035 0.578160 0.008805 0.018042
1 0.498633 0.589653 0.008125 0.011917
1 0.499312 0.558368 0.008125 0.019375
1 0.515555 0.561312 0.008125 0.015653
1 0.565648 0.575812 0.008125 0.013347
1 0.580879 0.575750 0.007445 0.010833
1 0.566324 0.601083 0.008117 0.010944
1 0.672934 0.135347 0.095445 0.155417
1 0.857727 0.133576 0.095438 0.161125
1 0.675645 0.434417 0.098148 0.132500
1 0.633336 0.531889 0.008125 0.019139
1 0.648906 0.533035 0.008125 0.016847
1 0.696289 0.604090 0.008125 0.014569
1 0.633340 0.555896 0.009477 0.016847
