1 0.836066 0.213000 0.085961 0.149333
1 0.665828 0.491576 0.096125 0.162569
1 0.633340 0.532493 0.009477 0.015764
1 0.648566 0.532493 0.007445 0.015764
1 0.632996 0.555896 0.007445 0.016847
1 0.693918 0.580021 0.007445 0.014319
1 0.709488 0.583097 0.008805 0.010833
1 0.694258 0.602889 0.008125 0.014556
1 0.749766 0.569729 0.006766 0.013236
1 0.749086 0.593201 0.009469 0.016847
1 0.764996 0.571000 0.007445 0.013361
1 0.809668 0.622201 0.007445 0.012042
1 0.827945 0.623944 0.006094 0.013111
1 0.812035 0.651681 0.009477 0.015639
1 0.564629 0.599819 0.007445 0.018056
1 0.860773 0.553486 0.006766 0.012028
1 0.875328 0.551743 0.010156 0.015514
1 0.862129 0.577563 0.012180 0.016847
1 0.965711 0.575271 0.009516 0.014431
1 0.982953 0.577563 0.010156 0.016847
1 0.966367 0.600479 0.010828 0.019375
1 0.564293 0.575812 0.006773 0.013347
1 0.664813 0.214806 0.088672 0.150306
1 0.474605 0.551201 0.007445 0.012042
1 0.458023 0.577021 0.008125 0.017931
1 0.498633 0.561910 0.008125 0.016847
1 0.499648 0.587840 0.008797 0.017931
1 0.512848 0.561979 0.009477 0.014319
1 0.580879 0.575271 0.007445 0.014431
1 0.337195 0.530083 0.008797 0.020583
1 0.335844 0.557160 0.008797 0.016958
1 0.409625 0.554146 0.008797 0.017931
1 0.458363 0.551076 0.011508 0.016847
0 0.754910 0.355896 0.279555 0.457292
0 0.868559 0.564382 0.027758 0.040792
0 0.973477 0.585979 0.030453 0.043319
0 0.466480 0.566847 0.026398 0.045722
0 0.505066 0.575153 0.026398 0.052944
0 0.572414 0.589653 0.029781 0.045611
0 0.638750 0.542118 0.029781 0.051875
0 0.701707 0.594403 0.028430 0.048139
0 0.756535 0.581292 0.028430 0.048139
0 0.819484 0.637722 0.027078 0.048139
