1 0.348867 0.458319 0.042141 0.097722
1 0.982711 0.693667 0.034578 0.096083
1 0.582023 0.436333 0.041219 0.118889
1 0.973551 0.899694 0.052898 0.136806
1 0.803723 0.481944 0.028398 0.118889
1 0.737766 0.481944 0.037563 0.118889
1 0.732727 0.714840 0.047641 0.131931
1 0.502320 0.664347 0.028406 0.118889
1 0.516977 0.444479 0.044891 0.112375
1 0.061207 0.240083 0.043977 0.100972
1 0.011824 0.236826 0.023648 0.094458
0 0.041598 0.339431 0.083195 0.358306
0 0.549504 0.554410 0.128258 0.364819
0 0.767082 0.598389 0.116352 0.387611
