0 0.765707 0.600014 0.119102 0.397389
0 0.553621 0.558486 0.125508 0.376222
0 0.039219 0.357347 0.076953 0.368083
1 0.009992 0.239264 0.019984 0.115639
1 0.506902 0.670049 0.019242 0.107486
1 0.580648 0.433083 0.043969 0.102611
1 0.521102 0.442035 0.042141 0.107486
1 0.974125 0.911910 0.041219 0.125403
1 0.984543 0.690410 0.030914 0.102597
1 0.803727 0.490083 0.035734 0.112389
1 0.741430 0.481944 0.044891 0.118889
1 0.735934 0.709951 0.041227 0.109125
1 0.059375 0.236826 0.042141 0.107486
1 0.343371 0.454250 0.038477 0.105861
