1 0.766687 0.569854 0.008125 0.015653
1 0.752133 0.593264 0.006094 0.014556
1 0.813730 0.624486 0.007445 0.012028
1 0.830316 0.621597 0.005414 0.010833
1 0.864836 0.550604 0.008125 0.013236
1 0.880402 0.551146 0.006773 0.014319
1 0.865852 0.575271 0.006094 0.014431
1 0.971445 0.575153 0.008797 0.012028
1 0.987352 0.574667 0.010828 0.015639
1 0.969754 0.601083 0.008117 0.018167
1 0.815422 0.653972 0.008125 0.015639
1 0.408949 0.554146 0.007445 0.017931
1 0.657707 0.125750 0.097477 0.157528
1 0.696285 0.607097 0.005414 0.013111
1 0.839453 0.131167 0.096797 0.156306
1 0.660078 0.421840 0.096797 0.145597
1 0.459035 0.554750 0.008805 0.016722
1 0.474945 0.550000 0.006766 0.009639
1 0.752469 0.569132 0.008125 0.012042
1 0.461066 0.579424 0.007445 0.013125
1 0.499648 0.560771 0.008797 0.014569
1 0.514203 0.558903 0.006766 0.010833
1 0.499988 0.588507 0.008117 0.012042
1 0.566664 0.577076 0.006094 0.010819
1 0.580539 0.574007 0.006766 0.011903
1 0.566660 0.600542 0.007445 0.012028
1 0.633676 0.530083 0.007445 0.010944
1 0.633676 0.557160 0.007445 0.016958
1 0.647551 0.531826 0.008117 0.012042
1 0.696965 0.581833 0.008117 0.013361
1 0.711184 0.580569 0.005414 0.010833
0 0.703398 0.591993 0.025047 0.043319
0 0.821855 0.638986 0.026398 0.045611
0 0.872621 0.563715 0.026398 0.042125
0 0.977539 0.587243 0.029109 0.043208
0 0.755180 0.286396 0.291063 0.478819
0 0.466145 0.566847 0.027070 0.045722
0 0.506418 0.573403 0.026398 0.046806
0 0.572754 0.587243 0.026398 0.045847
0 0.640105 0.543924 0.028430 0.045847
0 0.758902 0.582431 0.025039 0.040806
