0 0.771207 0.599208 0.117273 0.376222
0 0.042055 0.348389 0.084109 0.363194
1 0.009531 0.242528 0.019062 0.096083
1 0.985918 0.695292 0.028164 0.089583
1 0.974582 0.910278 0.045805 0.118889
1 0.804641 0.486826 0.037563 0.118903
1 0.742348 0.484382 0.041227 0.114014
1 0.733184 0.715653 0.033898 0.130306
1 0.582480 0.442035 0.040305 0.107486
1 0.520187 0.452625 0.042141 0.102611
1 0.503234 0.672493 0.024734 0.125403
1 0.349328 0.450993 0.037562 0.089569
1 0.056168 0.245785 0.046727 0.112375
0 0.549504 0.564188 0.128258 0.368069
