0 0.837621 0.746597 0.140164 0.299667
1 0.874727 0.656208 0.047641 0.096083
1 0.809680 0.646437 0.047641 0.089569
1 0.789527 0.813375 0.038477 0.120528
1 0.630578 0.486826 0.033891 0.102597
1 0.575613 0.495785 0.041227 0.084681
1 0.579277 0.669236 0.041227 0.102611
1 0.484914 0.456694 0.037563 0.084694
1 0.434984 0.459139 0.034812 0.079806
1 0.426738 0.635847 0.025648 0.091194
1 0.295273 0.461583 0.044891 0.094472
1 0.231605 0.632590 0.031148 0.084681
1 0.019980 0.461583 0.018320 0.107500
1 0.072199 0.298715 0.029320 0.078181
1 0.030977 0.295458 0.029312 0.084694
0 0.053879 0.380958 0.086117 0.288278
0 0.271457 0.550340 0.099852 0.285014
0 0.461094 0.541382 0.099859 0.289903
0 0.606301 0.581292 0.109930 0.291528
